Estimated duration: 5.6 h
1. Best: [0.06666666666666667, 0.07142857142857142, 0.07692307692307693, 0.08333333333333333, 0.09090909090909091, 0.1, 0.1111111111111111, 0.125, 0.14285714285714285, 0.16666666666666666, 0.2, 0.9963256741720218, 0.699969338293406, 0.8320353304845948, 0.7329863958953328] (2.720000) Average quality: 0.788000
2. Best: [0.5915577112948169, 0.2599505463562788, 0.24695806135192777, 0.06590191898176812, 0.25624662090330064, 0.1491587361610187, 0.5749804692124607, 0.7972987061908542, 0.6888391317339041, 0.4193243242459439, 0.3530830916182114, 0.38040529240042165, 0.8426376827624087, 0.9966833596490767, 0.8633016040791864] (1.760000) Average quality: 0.872000
3. Best: [0.28164991256847427, 0.06432852375095932, 0.13834845134934137, 0.24808221718059723, 0.3164897606952866, 0.27064522729381146, 0.25900829511527956, 0.20911440971671064, 0.39054682204211066, 0.058079769434253005, 0.6242244171038851, 0.30609453887335786, 0.28312798538383593, 0.6649355261579006, 0.7380251705713956] (2.040000) Average quality: 1.122000
4. Best: [0.287468666741369, 0.1507327042540036, 0.14845042536766423, 0.076000590295808, 0.1604603962395052, 0.12067923881838583, 0.30624357353425313, 0.3939033495350005, 0.6888391317339041, 0.4193243242459439, 0.3530830916182114, 0.38040529240042165, 0.8426376827624087, 0.9966833596490767, 0.8633016040791864] (2.360000) Average quality: 1.096000
Search is unstable on turn 16 with depth 6
5. Best: [0.18451272369196142, 0.06753658152029574, 0.1105942504467286, 0.17364272595263547, 0.21456427326488342, 0.19354155530773762, 0.19218301002548693, 0.7156947380376635, 0.6897822703313665, 0.3538612358744477, 0.37342339658484347, 0.4754187573102103, 0.8195967111179459, 0.9685844809246663, 0.8423736452797704] (1.760000) Average quality: 1.018000
Search is unstable on turn 21 with depth 4
6. Best: [0.1987957636263573, 0.06706486911270762, 0.11467522462792724, 0.1845882993030927, 0.22955138401143727, 0.20487886945902184, 0.2020089914709484, 0.6412072308010087, 0.6457827279610836, 0.3103695665572499, 0.41030114683778357, 0.4505213457033288, 0.7407144177158204, 0.923935977121609, 0.8270302587911237] (2.120000) Average quality: 1.048000
7. Best: [0.24189964682315696, 0.09531841832331034, 0.1373719623401229, 0.17576554475652112, 0.2327803688192942, 0.19032513441292026, 0.25949959266731215, 0.6185574679259565, 0.6098251809795514, 0.30519239005143417, 0.40788685306200134, 0.4586990191131285, 0.7590668399411211, 0.9282809290359468, 0.8306356993197956] (2.880000) Average quality: 1.318000
8. Best: [0.24085011540254497, 0.09652289709992015, 0.1360692154747699, 0.17005260201505404, 0.2272523033040784, 0.1865097090936403, 0.25736139500175614, 0.6344171628874254, 0.6430140895168618, 0.3281203833480643, 0.3973081029789593, 0.4460863040293447, 0.7792919315242124, 0.9410571884077299, 0.8352241558160476] (1.800000) Average quality: 0.988000
9. Best: [0.3674854474075098, 0.1976245104202081, 0.28219144123362383, 0.2667883160632537, 0.37166973029959827, 0.19017917662571468, 0.5771350669977726, 0.5931895661166464, 0.5786920481637886, 0.2641506184563051, 0.46508902395760254, 0.38846127984897194, 0.6958290613289713, 0.90036572702436, 0.826951252659832] (1.920000) Average quality: 1.098000
10. Best: [0.29128109326236207, 0.11712860386132246, 0.16504828238145125, 0.16206267197295962, 0.24514022785963846, 0.18306737792352862, 0.3307054327075072, 0.3704261932059019, 0.5557153594256796, 0.26239461377776485, 0.46677711811234623, 0.36274511316223335, 0.6356833240771185, 0.8657869150362097, 0.8135986755906286] (2.160000) Average quality: 1.180000
11. Best: [0.29128109326236207, 0.11712860386132246, 0.16504828238145125, 0.16206267197295962, 0.24514022785963846, 0.18306737792352862, 0.3307054327075072, 0.37042619320590187, 0.5557153594256796, 0.26239461377776485, 0.46677711811234623, 0.36274511316223335, 0.6356833240771185, 0.8657869150362097, 0.8135986755906286] (2.160000) Average quality: 1.216000
12. Best: [0.2936564358011377, 0.12013321435536044, 0.17042727894338355, 0.16344551452684283, 0.24716873612766246, 0.1829253981228292, 0.32846235582661826, 0.3967434980399628, 0.5659723450356875, 0.26121505100630094, 0.46798584055843306, 0.37935478827503233, 0.6609889373569606, 0.8776533292722802, 0.8200236302884083] (1.800000) Average quality: 1.120000
13. Best: [0.3048335960321931, 0.13427139121850998, 0.19573811536952793, 0.1699524719642493, 0.2631655839221438, 0.1822573130125409, 0.31790757086444854, 0.5205794198819734, 0.6142365300023652, 0.2556646253796731, 0.47367347686109, 0.45751151602732376, 0.7800643505896584, 0.9334906710954094, 0.850256216520527] (1.960000) Average quality: 1.262000
14. Best: [0.26518591685681736, 0.10825745125917569, 0.1662858088497582, 0.16238081760518452, 0.24560691948956534, 0.183034713139436, 0.33018937604552817, 0.37648092124516885, 0.5557153594256796, 0.26239461377776485, 0.46677711811234623, 0.36274511316223335, 0.6356833240771185, 0.8657869150362097, 0.8135986755906286] (1.800000) Average quality: 1.078000
15. Best: [0.29898377439041235, 0.1269274943938125, 0.14425975344221875, 0.16839893875132467, 0.24866708359253106, 0.1831814661221533, 0.300561348257704, 0.5379222205150787, 0.621514027178137, 0.27487905151766784, 0.453413036547077, 0.4543131673734567, 0.7794753602994214, 0.9352432891726428, 0.8462269676318583] (1.760000) Average quality: 1.012000
16. Best: [0.2557200910457519, 0.1356296027574341, 0.193634942361668, 0.17458445281900614, 0.295143943033984, 0.18501523101433598, 0.34388816885260515, 0.48117879280008863, 0.5952884665430118, 0.26014256372835787, 0.4681509597982684, 0.4236164641725255, 0.7331731392771739, 0.9134326012622482, 0.8364139377918132] (2.120000) Average quality: 1.104000
17. Best: [0.2725053267021349, 0.11130491932818613, 0.1664197916955929, 0.1626943028793285, 0.2875224946467071, 0.18953259889428525, 0.38418435521854366, 0.47723388957227797, 0.5874061984818898, 0.2651097712303783, 0.4614113629734744, 0.40517961069287345, 0.7134731585577695, 0.9076045580843419, 0.8267058764757685] (2.000000) Average quality: 1.082000
18. Best: [0.29931469684125367, 0.13003397094268845, 0.1769965649778058, 0.16312914604876672, 0.24645064127167837, 0.1829890416218545, 0.3281659372728264, 0.3926342244871985, 0.5582248708221668, 0.26292315638982355, 0.46621223917777954, 0.3661982973282737, 0.6411189874239762, 0.8684185077730431, 0.814820653268508] (2.040000) Average quality: 1.234000
Search is unstable on turn 21 with depth 6
Search is unstable on turn 21 with depth 4
19. Best: [0.2944323255398603, 0.12573613683392795, 0.2330238529359701, 0.16362280491050696, 0.24633846316214686, 0.1830409551137438, 0.3246995892633622, 0.4083232788077791, 0.5664874742315364, 0.264663390761545, 0.4643523669264857, 0.37756795729612525, 0.659015989431938, 0.8770830658020958, 0.8188440328560859] (2.200000) Average quality: 1.204000
20. Best: [0.28980311228500083, 0.12720109741391164, 0.17392432109475375, 0.1648349196090457, 0.2537776049087553, 0.18351890567202644, 0.3343999731485843, 0.41929675087187107, 0.5696129258950255, 0.26386339643980017, 0.46498462082207015, 0.382614273300221, 0.6577105082730907, 0.8814507317599256, 0.8207073220773881] (1.800000) Average quality: 1.130000
21. Best: [0.2755560885510043, 0.11332939537076991, 0.1658924127688539, 0.16303015178948338, 0.2745262437326681, 0.18747613404370742, 0.36519771323977684, 0.45627047636140217, 0.5810914073787896, 0.2650214643788079, 0.46228602941121016, 0.419761180978821, 0.6608113522589192, 0.8818502591898421, 0.8209360158116048] (2.040000) Average quality: 1.092000
22. Best: [0.28716845098226323, 0.1239454805718706, 0.17077508756267873, 0.1644436544180842, 0.25129389066141977, 0.18335723612631055, 0.3310603648931206, 0.40715362936407545, 0.5651461519470775, 0.26348560605136984, 0.4654654948640755, 0.37616470831713106, 0.6608113522589192, 0.8818502591898421, 0.8209360158116048] (2.120000) Average quality: 1.152000
23. Best: [0.28280641473904866, 0.10000657414584802, 0.16660489819152202, 0.1649715836500968, 0.2524400021329634, 0.18344020229508526, 0.3303256719462443, 0.4272453985950356, 0.5735360252250846, 0.26493687353784734, 0.46388166646193124, 0.387897503781678, 0.6681172632092143, 0.8853600136200661, 0.8225703424645001] (2.280000) Average quality: 1.214000
Search is unstable on turn 19 with depth 2
24. Best: [0.2847783740839651, 0.0962555948181559, 0.17033461428848007, 0.16552577093844328, 0.2582360082995969, 0.18407883650138912, 0.33766910772778985, 0.4484409005423569, 0.5812223169260067, 0.26528136056474927, 0.4631172926209227, 0.40246482445773263, 0.6739848920612, 0.8923392319232628, 0.8238530843809486] (2.880000) Average quality: 1.290000
Search is unstable on turn 19 with depth 8
Search is unstable on turn 18 with depth 6
25. Best: [0.2829132393110436, 0.09025820010418745, 0.1835739253490916, 0.16557770063672209, 0.26073301119103903, 0.1844934026965049, 0.337314212233781, 0.42583733298242554, 0.5723886017599572, 0.26412551114623345, 0.46451042775338897, 0.3863495379179427, 0.6600554928091035, 0.8832358208344069, 0.821293165004618] (1.960000) Average quality: 1.098000
26. Best: [0.2847783740839651, 0.0962555948181559, 0.17057190010412815, 0.1658040595740306, 0.25907640631424267, 0.18407999924020038, 0.3385248928409148, 0.4360639045449653, 0.576567701214801, 0.26450972991783595, 0.4640766131238675, 0.39244413814251417, 0.6671554446093181, 0.8884445422003675, 0.8235537362126328] (2.240000) Average quality: 1.236000
27. Best: [0.28355350584392014, 0.08559468260646648, 0.17825855085099207, 0.16545174994615675, 0.26057709540017693, 0.1845239109746295, 0.33857457681904024, 0.43472525155808056, 0.575783032380383, 0.2646848328730821, 0.46383158546364334, 0.3932185903151578, 0.6661404689641617, 0.8862530373623647, 0.8220446449507418] (2.200000) Average quality: 1.242000
28. Best: [0.28469101861751617, 0.08970721920512931, 0.17055718235560413, 0.165539043651931, 0.2590388632158986, 0.18420850067357997, 0.337866955443961, 0.43910239800661094, 0.5776190672157047, 0.2647629143545813, 0.4637481242940996, 0.3954555751385428, 0.6684144654019736, 0.8888577009693239, 0.823098325413055] (2.440000) Average quality: 1.288000
Search is unstable on turn 17 with depth 6
29. Best: [0.2837414166262288, 0.09389073377483248, 0.1741539354485137, 0.16549661102483376, 0.2594319829695842, 0.18429890449602288, 0.33786700690243654, 0.43807695551707104, 0.577145899313232, 0.26477387538719915, 0.4637245473177722, 0.3951790936472571, 0.66769517683177, 0.8889803117679369, 0.8236731170662016] (1.920000) Average quality: 1.084000
30. Best: [0.2843860417687921, 0.09105080852124846, 0.17171232570405784, 0.16552541586996136, 0.2591651186626544, 0.1842375350196894, 0.33786697197050986, 0.4387730640099713, 0.5774671032801427, 0.264766434630673, 0.4637405522460113, 0.39536677956448496, 0.6681834566599147, 0.8888970789985652, 0.8232829271184621] (2.400000) Average quality: 1.192000
31. Best: [0.28412573620965753, 0.09378277936517114, 0.17275527301774285, 0.16550693841369774, 0.25907152092319125, 0.18422858873851733, 0.33780214980391043, 0.43896064831606507, 0.5775222897525982, 0.26480237793936706, 0.4636843820531459, 0.3953848311187448, 0.6674963003484586, 0.888325392014146, 0.8231328882310798] (2.280000) Average quality: 1.252000
32. Best: [0.28412573620965753, 0.09378277936517114, 0.17275527301774285, 0.16550693841369774, 0.25907152092319125, 0.18422858873851733, 0.33780214980391043, 0.43896064831606507, 0.5775222897525982, 0.26480237793936706, 0.4636843820531459, 0.3953848311187448, 0.6674963003484586, 0.888325392014146, 0.8231328882310798] (2.000000) Average quality: 1.314000
Search is unstable on turn 21 with depth 4
33. Best: [0.28381438839132206, 0.09747757711670424, 0.17018548364081787, 0.1653079175564853, 0.25862345342731186, 0.18424183653451331, 0.3377216367490235, 0.439284358376278, 0.5768639919835432, 0.2647513229150731, 0.4637489383025734, 0.39483699354099433, 0.6671965663525731, 0.8877513701475591, 0.8226064409385445] (2.920000) Average quality: 1.276000
Search is unstable on turn 16 with depth 6
Search is unstable on turn 18 with depth 4
34. Best: [0.3022426066588244, 0.0946046014525042, 0.17243487402175894, 0.16520523753010397, 0.25915827476784015, 0.18425065807302415, 0.3379759761242249, 0.44543235094580275, 0.5775248112205998, 0.2648055746830412, 0.46369137636725055, 0.3951150840162494, 0.66761795576925, 0.8881924114389459, 0.8227658561921251] (1.960000) Average quality: 1.202000
35. Best: [0.30692995436236636, 0.09448729246365654, 0.17309587833431733, 0.16543988339534396, 0.25921582272281535, 0.18426271662654461, 0.33791380760907597, 0.43950028279132064, 0.5774993239966129, 0.2648142184867094, 0.4636834532001714, 0.3952345616693665, 0.6678060237807938, 0.8881916242996709, 0.8227536233606456] (1.800000) Average quality: 1.044000
36. Best: [0.3022426066588244, 0.0946046014525042, 0.17243487402175894, 0.16520523753010397, 0.25915827476784015, 0.18425065807302415, 0.3379759761242249, 0.44543235094580275, 0.5775248112205998, 0.2648055746830412, 0.46369137636725055, 0.3951150840162494, 0.66761795576925, 0.8881924114389459, 0.8227658561921251] (2.200000) Average quality: 1.326000
37. Best: [0.3022426066588244, 0.0946046014525042, 0.17243487402175894, 0.16520523753010397, 0.25915827476784015, 0.18425065807302415, 0.3379759761242249, 0.44543235094580275, 0.5775248112205998, 0.2648055746830412, 0.46369137636725055, 0.3951150840162494, 0.66761795576925, 0.8881924114389459, 0.8227658561921251] (2.040000) Average quality: 1.174000
38. Best: [0.28947665499777064, 0.09466020337861593, 0.17175616896737483, 0.16518857723644845, 0.2589932914657828, 0.1842384099735917, 0.33795682334281457, 0.4466214740258265, 0.5776276743863807, 0.26481239804783846, 0.46368146860310744, 0.3978511632787276, 0.6678278152056883, 0.8883758961999394, 0.8229222980707469] (2.440000) Average quality: 1.132000
39. Best: [0.28783337888088534, 0.09489458008545765, 0.17158677223810115, 0.16519998999490948, 0.2589517825836982, 0.18423532462664433, 0.33790336659147124, 0.4455390623741752, 0.5775124723087317, 0.26480266818650744, 0.46369135098039427, 0.4056515441340059, 0.6677959223506589, 0.8882863368373288, 0.8228569887306483] (2.080000) Average quality: 1.362000
40. Best: [0.3025249586196103, 0.09398680537940357, 0.17243400260904737, 0.16512374993257659, 0.2591765969958349, 0.23030216933166137, 0.33800723275247485, 0.44783558362943204, 0.577722191825523, 0.2648207303646487, 0.4636735062378695, 0.41204463455859286, 0.6678038465734332, 0.8882474709533515, 0.8228340046214648] (2.200000) Average quality: 1.216000
41. Best: [0.2927909242567637, 0.09459278421899786, 0.17196796972372397, 0.16519225481879082, 0.2590438437917847, 0.18423219897506665, 0.3378632963834895, 0.4448215676268884, 0.5774349752798299, 0.2647960131585393, 0.4636979315020131, 0.40670669231992007, 0.6677747352585215, 0.8882547924131816, 0.8228552201623425] (2.040000) Average quality: 1.128000
42. Best: [0.29805462640612196, 0.09416434318515512, 0.17217181968560596, 0.16510561610256222, 0.2591198841506668, 0.21318848475375018, 0.3379614788403513, 0.44673681331873605, 0.5776294385269632, 0.26481262619894846, 0.4636813110883395, 0.4066080624360121, 0.667791000029863, 0.8882771243769856, 0.8228764664471625] (2.200000) Average quality: 1.206000
Search is unstable on turn 19 with depth 2
43. Best: [0.2939974861260875, 0.09476024834824869, 0.17194228438935036, 0.16519734188990937, 0.25903993474547793, 0.18636661301541996, 0.3379042278932691, 0.4450335766482586, 0.5774465441857153, 0.26479698369597615, 0.5452712513985889, 0.39924157028561985, 0.6677633614517435, 0.8882935661641891, 0.8229161118999603] (1.840000) Average quality: 1.160000
44. Best: [0.29494524302509284, 0.09438171846403909, 0.17186661804548417, 0.16511664979868018, 0.2590738187578884, 0.1993524210842198, 0.33792746727430495, 0.44585314476894605, 0.5775468350698965, 0.2648054943211029, 0.4636883187472223, 0.4025924633331467, 0.6677782048773615, 0.8882754685882641, 0.8228804559986875] (2.200000) Average quality: 1.370000
45. Best: [0.2033275934741468, 0.09447808244100607, 0.17174042745550977, 0.16517997264649512, 0.2320570105278623, 0.18948562626219015, 0.33789680833405045, 0.445032684957102, 0.5774723005443408, 0.26479919185510403, 0.46369473835721753, 0.40664276844493513, 0.6677807730725085, 0.8882613323396337, 0.8228605794205849] (2.280000) Average quality: 1.204000
46. Best: [0.29494524302509284, 0.09438171846403909, 0.17186661804548417, 0.16511664979868018, 0.2590738187578884, 0.1993524210842198, 0.33792746727430495, 0.44585314476894605, 0.5775468350698965, 0.2648054943211029, 0.4636883187472223, 0.4025924633331467, 0.6677782048773615, 0.8882754685882641, 0.8228804559986875] (2.360000) Average quality: 1.298000
47. Best: [0.2939960582767364, 0.09476019775844183, 0.17194174325191355, 0.165197333022586, 0.25903991964063794, 0.18636876450554907, 0.33790422647571583, 0.4450335975894303, 0.5774465508000696, 0.26479698433283794, 0.5452300219561008, 0.3992467706137924, 0.6677633641360732, 0.8882935339263096, 0.8229160671730579] (2.200000) Average quality: 1.288000
Search is unstable on turn 23 with depth 2
48. Best: [0.23742655096716248, 0.09441207827100503, 0.17181582072993812, 0.16515037891986192, 0.24903405207768603, 0.19722770285472221, 0.33791841465180905, 0.44563656158798537, 0.5775303178182344, 0.26480409407069355, 0.46414545220007475, 0.4047274368893823, 0.6677815915050024, 0.8882802355119258, 0.8228842182698182] (1.960000) Average quality: 1.114000
Search is unstable on turn 19 with depth 6
49. Best: [0.23777917009078633, 0.0944303803628001, 0.17175280565608841, 0.1651578574490945, 0.25907976936601324, 0.2016893468019848, 0.3379308671474901, 0.44598603576589835, 0.5775402836192856, 0.2648049403123618, 0.4636888830003355, 0.402958656622764, 0.6677784446406438, 0.8882742783323778, 0.822878763497773] (2.240000) Average quality: 1.418000
Search is unstable on turn 17 with depth 6
50. Best: [0.23742655096716248, 0.09441207827100503, 0.17181582072993812, 0.16515037891986192, 0.24903405207768603, 0.19722770285472221, 0.33791841465180905, 0.44563656158798537, 0.5775303178182344, 0.26480409407069355, 0.46414545220007475, 0.4047274368893823, 0.6677815915050024, 0.8882802355119258, 0.8228842182698182] (1.960000) Average quality: 1.284000
Search is unstable on turn 23 with depth 4
51. Best: [0.26332615837601797, 0.09440031223662922, 0.17179142565687353, 0.1651393095749019, 0.2574452725740055, 0.20043519934348772, 0.33792800983363297, 0.445898725692499, 0.5775547298782204, 0.26480615584828804, 0.46414433947383443, 0.40353103006333124, 0.6677811304605654, 0.8882858589094957, 0.8228917143521215] (2.080000) Average quality: 1.272000
52. Best: [0.07771775715192963, 0.015071739103198402, 0.05894002743505272, 0.2973036713598096, 0.07927099030957699, 0.03428315167769491, 0.22006759468831652, 0.44572985970414236, 0.5775394179144245, 0.2648048573675389, 0.46395030910113616, 0.4041889296350877, 0.6677813423771551, 0.8882820449026307, 0.8228866117196789] (2.040000) Average quality: 1.262000
53. Best: [0.26332615837601797, 0.09440031223662922, 0.17179142565687353, 0.1651393095749019, 0.2574452725740055, 0.20043519934348772, 0.33792800983363297, 0.445898725692499, 0.5775547298782204, 0.26480615584828804, 0.46414433947383443, 0.40353103006333124, 0.6677811304605654, 0.8882858589094957, 0.8228917143521215] (2.040000) Average quality: 1.430000
Search is unstable on turn 17 with depth 6
54. Best: [0.257601827085054, 0.09439591445578255, 0.1717943122177464, 0.16513851492743328, 0.25872680436855894, 0.20102227571216327, 0.33792952969709933, 0.445943944620383, 0.4358877824398465, 0.10162060527685829, 0.41977057887459157, 0.17030628293989503, 0.601525701016819, 0.7352993046706704, 0.9268553131606502] (2.560000) Average quality: 1.466000
55. Best: [0.18587314551438938, 0.054462710746570955, 0.11496810013341204, 0.23169207294831246, 0.16590658142052483, 0.11600209298741626, 0.2785765580345555, 0.44575471692467455, 0.5775414134680081, 0.26480502736773726, 0.46396922945961633, 0.40402417780006616, 0.6677811256954663, 0.8882836331326138, 0.8228893140414855] (1.960000) Average quality: 1.348000
56. Best: [0.27463083190855475, 0.034638014869917834, 0.08677414664914657, 0.26471441754472325, 0.1230442770646481, 0.07515721383690777, 0.24912801998184317, 0.44576688195744696, 0.5775426439504908, 0.2648051303621543, 0.46393966057815683, 0.40395869449768207, 0.6677811132083682, 0.8882826786213742, 0.8228875317209119] (2.120000) Average quality: 1.266000
57. Best: [0.21699874295091526, 0.07106775855142285, 0.13856382196984232, 0.20404787139142572, 0.20441715693021462, 0.1514471720352782, 0.30339097993050235, 0.4465235059980688, 0.5769445848103609, 0.26411546496445637, 0.4638388748823524, 0.40299275659425926, 0.6675011280852533, 0.8876369861802844, 0.8383460251916011] (2.360000) Average quality: 1.354000
Search is unstable on turn 18 with depth 4
58. Best: [0.27070884191104333, 0.0604609048846874, 0.10274895985243188, 0.26635243661688973, 0.09801137977559961, 0.07908535236524536, 0.26624280295221403, 0.4195224161375251, 0.6065394429114016, 0.22921643948939271, 0.5046527856363836, 0.43790467152490065, 0.6419286723304958, 0.8360294946832797, 0.8604399328737706] (1.760000) Average quality: 1.210000
59. Best: [0.26101241961620636, 0.11461528011508243, 0.15064794371153084, 0.2388147244921905, 0.10330292619192019, 0.1266263229828838, 0.3205429407726165, 0.3834230934825449, 0.6052709610966449, 0.13090970719865389, 0.5487237403216891, 0.4163227196680412, 0.5860083467205135, 0.7183530173853478, 0.9458806942830655] (2.320000) Average quality: 1.380000
60. Best: [0.2332206624422636, 0.06873497387040654, 0.13525268147421377, 0.20792753824920177, 0.19895559610797028, 0.0848144533998148, 0.3101716513288795, 0.44822463493044057, 0.5563489316419289, 0.24038931849224868, 0.4574127345789475, 0.36901006467149405, 0.6578679407864066, 0.8681976929915199, 0.853600969084106] (2.120000) Average quality: 1.380000
61. Best: [0.23814229933527842, 0.06861119333722862, 0.13359014629746405, 0.21133624434322246, 0.1899335895527784, 0.15222487562296222, 0.30507486836008535, 0.4462204608162352, 0.5546438976293245, 0.23347309778452965, 0.4612957138530368, 0.3609781413709348, 0.655592809665617, 0.8629395814639182, 0.8557141241020253] (1.680000) Average quality: 1.226000
Search is unstable on turn 19 with depth 6
62. Best: [0.2502830060139276, 0.0688119975849622, 0.13017790742615368, 0.21896832864131147, 0.16861258156345738, 0.1307860910000535, 0.29248655284591163, 0.44114013978873784, 0.5517449289281922, 0.21781477125592533, 0.4713725243280534, 0.3432125768850928, 0.6505610896759004, 0.8511278977626078, 0.8597268908137972] (2.480000) Average quality: 1.324000
63. Best: [0.26199736160062065, 0.06979800615288587, 0.12353517289098377, 0.23462602758556436, 0.14916072718987688, 0.1171017321760502, 0.28796443286276885, 0.42959862399709614, 0.5949466844154775, 0.2408667414622262, 0.48972351131413205, 0.42357983825975565, 0.6508642857126109, 0.8688193076260395, 0.8479357191450946] (2.040000) Average quality: 1.186000
Search is unstable on turn 22 with depth 2
64. Best: [0.1702930838279917, 0.045458150963227265, 0.26548259436053423, 0.4045972572382797, 0.012184553877982148, 0.15192369878008535, 0.07311811945022462, 0.3587307855985376, 0.5879207248994707, 0.11070343190852305, 0.24936675851762008, 0.3949906582881691, 0.5326746800389496, 0.9891843206075552, 0.6457739136196733] (2.080000) Average quality: 1.220000
65. Best: [0.24856112374232844, 0.06883339240357622, 0.1353859305650168, 0.2404087231515567, 0.1998437156507327, 0.15442828305987139, 0.30539108508217727, 0.3619205832485498, 0.5661975415375954, 0.2517342648699207, 0.4604900559135955, 0.3852383354983736, 0.6624741516279151, 0.8774775655208291, 0.8490743152398832] (2.160000) Average quality: 1.192000
Search is unstable on turn 9 with depth 4
66. Best: [0.24693934254424282, 0.07067591350818034, 0.13434286995990138, 0.21469298879912097, 0.18318980621284456, 0.13232657433409586, 0.3002228638936724, 0.43754704620361295, 0.5582083764633722, 0.23031870518849723, 0.46794403077651314, 0.36105292592571386, 0.6545004483940648, 0.8556486769897813, 0.8573030018327387] (2.200000) Average quality: 1.246000
Search is unstable on turn 23 with depth 2
67. Best: [0.2111746552872217, 0.05637254410339477, 0.20198354076072986, 0.32835599127432874, 0.07498163557762301, 0.13718962501739904, 0.17009430239422121, 0.38891982618213233, 0.5903737637529121, 0.16946343961920068, 0.3566638643166164, 0.38606961337922485, 0.6514101792796057, 0.8869993334777334, 0.831745199840638] (2.640000) Average quality: 1.168000
68. Best: [0.18776669318011507, 0.05067675408510518, 0.23643806630456846, 0.36794160177700547, 0.13394743841402437, 0.2218575833170085, 0.22161626744060664, 0.41356767556068047, 0.5717667730282131, 0.19412976136521018, 0.37822550974198554, 0.3843746342391655, 0.6111196223372644, 0.9094760252603065, 0.7746600759743272] (2.080000) Average quality: 1.236000
Search is unstable on turn 10 with depth 4
69. Best: [0.24715093729851761, 0.07017761991561859, 0.13497907275513513, 0.22165729081815233, 0.18763041713076326, 0.1381149095123217, 0.2575786514348305, 0.3860726011973155, 0.5639103298200966, 0.2448549782256001, 0.3444860235819769, 0.3906932283867859, 0.5898717337474088, 0.9399599501838752, 0.735359671158389] (1.920000) Average quality: 1.112000
70. Best: [0.24748374025182768, 0.06939388791910285, 0.1359797127279151, 0.23261096633634123, 0.19461475109050358, 0.14721898701492586, 0.28610439695869083, 0.4175401240751968, 0.5604245933992495, 0.2359686171526793, 0.4199587686572549, 0.3843746342391655, 0.6111196223372644, 0.9094760252603065, 0.7746600759743272] (3.000000) Average quality: 1.210000
71. Best: [0.18776669318011507, 0.05067675408510518, 0.23643806630456846, 0.36794160177700547, 0.13394743841402437, 0.2218575833170085, 0.21908984714693652, 0.4024326121999774, 0.5775977240188681, 0.19249166527243083, 0.376634204408845, 0.3867146689748623, 0.617953912701902, 0.908379004579729, 0.7831962177437962] (2.120000) Average quality: 1.212000
72. Best: [0.24748374025182768, 0.06939388791910285, 0.1359797127279151, 0.23261096633634123, 0.19461475109050358, 0.14721898701492586, 0.28610439695869083, 0.4175401240751968, 0.5604245933992495, 0.2359686171526793, 0.4199587686572549, 0.3843746342391655, 0.6111196223372644, 0.9094760252603065, 0.7746600759743272] (2.080000) Average quality: 1.234000
73. Best: [0.21119829256396844, 0.058556244354815226, 0.19665186262988502, 0.3089816535976034, 0.14009132361908444, 0.174363135985029, 0.22083435977568866, 0.3981965149483262, 0.5729658505548162, 0.19694728927548982, 0.34053308197944204, 0.39133074863553335, 0.6008159043630337, 0.9279410919917928, 0.7623158736712283] (2.440000) Average quality: 1.296000
74. Best: [0.1950056572427206, 0.05285968975115014, 0.22454446810995676, 0.3522348036029007, 0.13566339112041642, 0.20880101163805867, 0.22290195863022202, 0.4068384595532881, 0.5746142494961727, 0.1938648004379399, 0.37866338414037404, 0.3865908575173489, 0.6137602094742203, 0.9109063796029526, 0.7774456508932046] (2.000000) Average quality: 1.234000
Search is unstable on turn 19 with depth 8
75. Best: [0.0, 0.11587756816477475, 0.289590434894453, 0.16402949613357642, 0.06684807301023288, 0.1958153966220303, 0.24886443025787452, 0.2856591943331367, 0.5706827379002283, 0.16357373023202487, 0.3185298840445671, 0.3352968167679945, 0.442417679069325, 0.9486346975250345, 0.8065507256621207] (2.200000) Average quality: 1.284000
Search is unstable on turn 16 with depth 6
76. Best: [0.19969181798658792, 0.0542943152532535, 0.20076657654351754, 0.2329533730919608, 0.19434589844078842, 0.14732325372009852, 0.28577382898052467, 0.4174352420633452, 0.5604884363030025, 0.27923110308728444, 0.41952201198770495, 0.38440779367091965, 0.6110591907748818, 0.9095835826620262, 0.7745666873842242] (2.280000) Average quality: 1.166000
77. Best: [0.19969181798658792, 0.0542943152532535, 0.14316826548793665, 0.24164557502209197, 0.18672086597579374, 0.15532424414434554, 0.27713546129461486, 0.41688287500623317, 0.5620188885238716, 0.23297275911215862, 0.4216667233236121, 0.38441122119235405, 0.6109701266268799, 0.9096501703014247, 0.7744388534404812] (2.000000) Average quality: 1.132000
78. Best: [0.16023430058824084, 0.07806102546316744, 0.21976111012217692, 0.23419604185284754, 0.14498524821819656, 0.1768644638009089, 0.25745463843817984, 0.38219712191022404, 0.5664550992852984, 0.20456366417025573, 0.39728740623959, 0.371847956396413, 0.5677161737311442, 0.9195927587637283, 0.7828177627716413] (2.040000) Average quality: 1.100000
79. Best: [0.21302731267964553, 0.08430698396194657, 0.23348519653737312, 0.24100376922467748, 0.10728380207720636, 0.20060259416619322, 0.2342780924757139, 0.3568367058607157, 0.5713711033751908, 0.1812831515626093, 0.379308146900165, 0.3631667832094411, 0.5373264682859031, 0.9267981937285108, 0.7886713323962609] (2.240000) Average quality: 1.524000
Search is unstable on turn 20 with depth 6
80. Best: [0.13035774866515404, 0.05802243057428633, 0.19947039455298632, 0.2722774449408949, 0.11930459712960349, 0.1673216709468628, 0.2647929618602379, 0.4140459733233983, 0.5651162227335764, 0.24916059001543822, 0.4058264732822915, 0.37412515549185393, 0.6117839575752364, 0.9101962298235162, 0.7751698090341245] (2.240000) Average quality: 1.392000
81. Best: [0.16165073871641636, 0.07807861355507258, 0.22004072807423358, 0.23481172790745902, 0.143435309982726, 0.1775821813796178, 0.256734031966602, 0.38164778212829226, 0.5666101335280922, 0.20421360913632067, 0.3967569743200812, 0.3737495976426785, 0.6092322013643816, 0.9107652009896313, 0.7757273290957243] (1.760000) Average quality: 1.082000
Search is unstable on turn 21 with depth 2
82. Best: [0.1737102183688167, 0.0760848375549692, 0.21610768510592476, 0.2545009775414306, 0.14347408785988625, 0.1901403838106539, 0.23698333121356596, 0.39966099482513906, 0.5704414080217388, 0.1767571164687312, 0.38448562646491286, 0.384588033163628, 0.6070451221493427, 0.9167942562732871, 0.7689807794642312] (2.080000) Average quality: 1.306000
83. Best: [0.16875622936774698, 0.07649142931999034, 0.2173613656398102, 0.23700760679784372, 0.19078941598944638, 0.1510550912129649, 0.2817447047473861, 0.4171776059477828, 0.5612022728002406, 0.25765519644938467, 0.4205223524143674, 0.3844093923421239, 0.5949121469944868, 0.9139581776537076, 0.7783051323263163] (2.480000) Average quality: 1.194000
Search is unstable on turn 19 with depth 4
Search is unstable on turn 23 with depth 2
84. Best: [0.16875622936774698, 0.07649142931999034, 0.2173613656398102, 0.23700760679784372, 0.19078941598944638, 0.1510550912129649, 0.2817447047473861, 0.4171776059477828, 0.5612022728002406, 0.25765519644938467, 0.4205223524143674, 0.3844093923421239, 0.5949121469944868, 0.9139581776537076, 0.7783051323263163] (1.960000) Average quality: 1.342000
85. Best: [0.1796376083930566, 0.07561850238736653, 0.21563093456415222, 0.2593304519676806, 0.140837914465336, 0.18165193653001413, 0.2475006612110967, 0.3870420001417116, 0.56779368958536, 0.19900140303703406, 0.3913967687522455, 0.3764832427411325, 0.602288536611365, 0.9130237839289796, 0.765652574161871] (2.200000) Average quality: 1.248000
Search is unstable on turn 21 with depth 4
Search is unstable on turn 17 with depth 6
86. Best: [0.19490310764335922, 0.06838023234557308, 0.1997282765066145, 0.2630602326849373, 0.1540751648680832, 0.17305888439587588, 0.2522424784863453, 0.3967127707374135, 0.5659335147033737, 0.21135341727604726, 0.3974442883342648, 0.37991141706427123, 0.5994148613298326, 0.9136941257214636, 0.7703716649826131] (2.200000) Average quality: 1.192000
87. Best: [0.18195061731904727, 0.07034617869743404, 0.204075605355454, 0.25251639057862474, 0.15388242655784676, 0.17368545797796253, 0.25641572671007035, 0.3936366546222561, 0.5660683495176841, 0.21430510423478916, 0.39896066696127674, 0.3783183799790591, 0.6014678471586008, 0.9129936233721063, 0.7703285142595547] (1.960000) Average quality: 1.188000
88. Best: [0.18066449041273147, 0.06971623995317439, 0.20263402110063666, 0.24802227549113598, 0.1627026533927146, 0.16825873542513026, 0.2626502916769933, 0.3987331997659549, 0.564894628290734, 0.22477818759419335, 0.4041879556923218, 0.37962825312425585, 0.6003464096628383, 0.9130997977565318, 0.7727481140030006] (1.800000) Average quality: 1.106000
Search is unstable on turn 17 with depth 6
89. Best: [0.18006494037482534, 0.05311598992101278, 0.21027787504656803, 0.25799158112579734, 0.14744865591022313, 0.18387441055318915, 0.24258683563398215, 0.3980093254110594, 0.5679014669694221, 0.2074270347844549, 0.391905335507373, 0.37914936239844654, 0.6068964165229385, 0.9127079351050316, 0.7721922092389818] (1.920000) Average quality: 1.212000
90. Best: [0.18006494037482534, 0.05311598992101278, 0.21027787504656803, 0.25799158112579734, 0.14744865591022313, 0.18387441055318915, 0.24258683563398215, 0.3980093254110594, 0.5679014669694221, 0.2074270347844549, 0.400052794219784, 0.3800378886781366, 0.5996411198050539, 0.9135145944679464, 0.7716893532877165] (1.880000) Average quality: 1.116000
91. Best: [0.17863941572462708, 0.07246447057984645, 0.20937147460200856, 0.25827109706411006, 0.14974067773267127, 0.17690941397195847, 0.25169701807237876, 0.3912290602239942, 0.5669614454933484, 0.2146573025335517, 0.37663568008766957, 0.38014095304208095, 0.5996411198050539, 0.9135145944679464, 0.7716893532877165] (1.920000) Average quality: 1.270000
92. Best: [0.17683217336890664, 0.0692936878158948, 0.20584663621845745, 0.253478512548375, 0.15496473608272587, 0.17553450466367687, 0.25536293096924995, 0.39345241581815144, 0.5673549552558913, 0.20786319808712198, 0.3949165024234032, 0.3794349925692961, 0.6002844993043767, 0.9137348940120293, 0.7718601755340593] (2.000000) Average quality: 1.270000
93. Best: [0.17529814854795456, 0.07162295881139363, 0.20800678703964687, 0.2573043199641977, 0.1530139186288989, 0.17547682920339353, 0.2532681396614093, 0.3920839019060791, 0.5667914716863915, 0.20774775597770692, 0.3856386483622465, 0.380241720576894, 0.6015668154837397, 0.9134750958759519, 0.7719477258804418] (2.080000) Average quality: 1.120000
Search is unstable on turn 21 with depth 2
94. Best: [0.19469754945810103, 0.06815290463320707, 0.21193510357820672, 0.25557007272467597, 0.14802472439898312, 0.18431008336306515, 0.24848381222515312, 0.39427296693826147, 0.5677874880875226, 0.20207546800867257, 0.3938261581094322, 0.37981848576048177, 0.6024890823850483, 0.9137074112535705, 0.7710592623035408] (2.160000) Average quality: 1.114000
95. Best: [0.17699347256401649, 0.06934167644602114, 0.20577074653799676, 0.25341250625407274, 0.16645948806708746, 0.17654578795128767, 0.25491937916766233, 0.39324795980854627, 0.5674411433413235, 0.20716844392798614, 0.39467710213430696, 0.37929734946334925, 0.600094334750885, 0.9138270899013612, 0.771872272804396] (1.920000) Average quality: 1.130000
Search is unstable on turn 20 with depth 2
96. Best: [0.17699347256401649, 0.06934167644602114, 0.20577074653799676, 0.25341250625407274, 0.16645948806708746, 0.17654578795128767, 0.25491937916766233, 0.3913114113102863, 0.567608986242239, 0.19886983770409933, 0.39132544060959323, 0.37888680401172103, 0.5994556682982597, 0.9143034392456931, 0.7721435256020235] (2.240000) Average quality: 1.260000
97. Best: [0.17468905800278134, 0.06970940165710329, 0.2082661955484039, 0.2554935285332117, 0.1554267380881339, 0.1779551369391292, 0.25300571596330024, 0.3921197035067083, 0.5671819501799675, 0.20450757339352182, 0.38970533541294516, 0.37961532667433867, 0.6010231227209943, 0.9138091464904265, 0.7720029655454785] (2.160000) Average quality: 1.154000
98. Best: [0.17574246328709808, 0.06951454042796243, 0.20714751216541089, 0.2545706121316459, 0.16045656350872448, 0.17736245336236883, 0.25386942402151813, 0.39152493626888574, 0.567399248322862, 0.20095407668729218, 0.39009149562709583, 0.37923041774576227, 0.6000301430337471, 0.9140938555763429, 0.7720998999697997] (2.120000) Average quality: 1.338000
Search is unstable on turn 16 with depth 6
99. Best: [0.08754810979553387, 0.06959193590851351, 0.20776392419146333, 0.2550891247790883, 0.1577689057000309, 0.17772809466734318, 0.2533993331316733, 0.3916205366744466, 0.5673053434684344, 0.2018872420342659, 0.38953902793647877, 0.37938426211386844, 0.6002873495826083, 0.9140000197834678, 0.7720803676951615] (2.200000) Average quality: 1.280000
Search is unstable on turn 16 with depth 4
100. Best: [0.1741084173911105, 0.06958338826423252, 0.20741104614047504, 0.25478039636241967, 0.15920748038059615, 0.1774721761783637, 0.2536614969267103, 0.39250633841869603, 0.5672707714211744, 0.20541941004200992, 0.39140907824656024, 0.37950636110438374, 0.6007048423316064, 0.9138152954027758, 0.7719581792887003] (2.080000) Average quality: 1.226000
Best: ([0.1741084173911105, 0.06958338826423252, 0.20741104614047504, 0.25478039636241967, 0.15920748038059615, 0.1774721761783637, 0.2536614969267103, 0.39250633841869603, 0.5672707714211744, 0.20541941004200992, 0.39140907824656024, 0.37950636110438374, 0.6007048423316064, 0.9138152954027758, 0.7719581792887003], 2.08)
BUILD SUCCESSFUL (total time: 306 minutes 18 seconds)
